1001160971262550017
1010384732759252997
1011970623470489601
1016943828052336640
1045110787
10615232
1067968702400876544
1073047860260814848
1082258629116465152
1087209480184463362
1088371662108676096
1089151295397621760
1094971056358637568
1095523459877068800
1097990106860797952
110448981
1105659718528262144
1108477440517656576
1109045045649424386
1109357946671153152
1113747629282930688
1123536127908966400
112398730
1137992526646956033
1138886434478182401
1157395568135557120
1158193640
116228328
1167843938599952384
116889724
1173978070535024642
1182090678999736321
118459189
122453931
1230746879698165762
1231538146006798336
123327472
1247612029
1257381543137460225
1262456293157003272
1265187595161464833
1271084812296761344
1271162030393896968
1275462892591202304
1276123381
1277802780233658368
1322155395146797056
1325563478
1327442450957303809
1330859882040463362
133584406
1335983975613939712
1336983802590101504
1350150750966603777
1357131432804700160
135890983
136004952
1361083361675137024
1363365594272133120
1376373064875659270
1397724205106405380
14104027
14106476
14159148
14191961
1422044577079377924
142332083
143127083
14335586
143500773
14361155
14437914
1449302062081138692
145499533
1460176204363972613
1471037967926018051
148529707
15207668
15220768
1540529606
15423737
15446551
15464697
1558406653
155930120
158414847
1585
16094885
16212771
16213404
16331010
164679813
1652177576
16582131
166426325
1667415740
166985027
16753407
16834659
16961918
17143007
1719253842
171989865
173629507
173672963
17503820
175248804
17659982
177437962
17774061
178580925
17895820
1796057425
180797277
18213483
183036128
1857948524
18741571
18915145
18925120
189305014
189570603
1915033663
191807697
19424427
19429280
19605053
19899980
19913106
20172153
20217019
205242337
20675681
209415989
21269970
21575717
2172596028
217543151
218154836
21855179
2186207924
21952044
22129280
22196776
2223157392
2234760798
22537043
22573600
2260944469
2266925107
22703645
22803269
2288308578
2316383071
2323448533
2324991210
23281108
2332818674
2369799780
237612784
2420336131
24215395
2452853334
246178914
2479226604
2522775577
2553418813
25723601
257339683
259395895
259509302
25960714
2598999181
260059352
260211154
264124770
26417909
2672715140
2680280115
271075882
27382158
276688330
279390084
280980769
28370738
284590933
288755234
289498966
2920030904
2926204339
2937740737
29695330
29769998
2987599687
3014537423
3079986094
310746442
3148736402
31669146
3192855216
3226113792
3277827936
3282955777
335455570
3380282686
3407247983
35157660
35436391
35787166
3602064317
36372343
364696531
3711001
38576013
3930472251
39416218
399265360
40068395
402888514
4043106914
409657315
409687240
4107939250
4118285112
41438148
416950760
41822696
419757788
419951447
42518865
4315639054
43633246
4453812625
453473029
45379403
45618045
45840174
47747074
4878610324
492034179
506216849
50769180
510464011
51241418
51378153
525783599
525812268
526197521
528016807
529147678
535918478
5392522
55329156
55376380
556519575
559681926
56503668
579747564
58191687
586291040
60483082
60496760
60606206
611278121
61660254
621533
630995607
631540093
67953340
69181624
701844034755633157
73981267
742143
745361615667638273
747885404
75050644
750658704949678081
754108043974107137
757832485
75939860
761068933
770781940341288960
773368033
777070140
795857631571156992
799617770
799717156589965312
800463336630403072
811229675758505984
816260792098000896
81741855
818948638890217473
835309132509024260
836269814150746116
839854176762904577
84035041
840502412842541056
84174241
849376476877266944
850507814023942144
85795383
864030687120281602
878247600096509952
880018682
881615056437297152
88589013
888183349864476672
906082234490290176
91180720
91583544
917442644
926019424154349568
92759522
930552552302792705
935116421977186304
938494109844729856
939091
94079202
941055265054408704
945445862062387200
95399839
957306920
9609622
96502351
967027984426242053
968831639857061888
970109612597895168
978265628426432512
980197980346175488
982511286
99188075
993137216309383169
994594957
996094929733652481
996359407939174401
1011418918567792641
102707504
1060338999611420672
107918290
1092579601962975232
1098819491780153345
110194870
1117704370630455296
1147865396709593088
1150553499500814339
1155845777039810560
1168793622248067072
117122035
1177447852915609600
117856715
118166719
1196590977932091392
1197209917972762625
1199103810540470272
1201953403099893760
1213446779535937542
1220843046125940736
1230463969
1244795359097958401
1247188089618874370
1248731077075664898
1266006636000358402
1278401163373707267
130120037
131546062
1323730225067339784
1324889974349697024
1326139149426941952
1339835893
1349170292564905988
1354525155238801413
1359532099
137198586
139109800
14173315
1424033022
14344823
14461561
14499829
1456025947719622661
1478462760572780547
15012486
151257881
153517357
15580900
15675138
15740776
16041234
16134235
16352975
16827148
16973333
170280910
171699484
17250722
17494010
17829133
18320938
183770461
18501381
189631331
19038934
1906282568
19089339
19568591
19825835
198584761
20405787
20559705
20764031
212621119
2161389312
216881337
2235731509
2352629311
237845487
2400284491
25868334
2595088842
281376874
29442313
297100174
299273962
304679484
30844417
31667539
3276863125
328756439
33216799
335195929
33537967
33608041
3393609490
34180269
37190669
380648579
38751107
40316065
40778270
41218263
426909329
430452224
446764989
459872442
463214687
467823431
47475039
493714995
506071299
508591081
52211840
52770751
528674835
536646582
539833719
55060090
552511754
560165933
56768709
571141141
58436094
612441328
612473
62603750
64643056
65566588
67934675
700637412
701725963
702577251020382209
707967655031005186
711608180535640064
7270292
729277017028337664
764187379
766136186268160000
7768402
793331593
807160
816131319033950208
818893114979061761
825922405453402115
826631824700997633
832616065259614209
873135988440223745
885891622919184384
886398296146706432
90732175
91478624
917067807115874311
942202693015220224
949892499878719488
95463107
967900364
968008274003005440
985523859179925504
1009577803304656896
1016532597432725506
1079776144524754944
1131917492
1146329871418843136
1149445446433218563
1173882011007643648
1240407498
1241591213578317825
1245843601390817281
12848262
1316957121066409985
1323090408730062849
1340093943879512065
1383272101
14281853
14892665
152656121
15414356
15764644
159955958
16313405
16606569
16675569
175989309
18440301
18559001
18595994
18965916
189868631
19058678
190817371
1926075181
19386778
19644592
19902709
21055261
21059255
2277445532
2296145948
22997830
232427887
23554832
235717819
2475407894
2561429863
2569219368
2573480784
28785486
288363743
2916395070
307755781
3152110454
33727663
345275528
34713362
36711022
384233102
39344374
43601834
447851721
490002009
50055701
50560529
524524991
592730371
60597469
68128023
71048726
722242009
73206956
738779772
739844197935644672
751283435382067202
786309892990574592
798953701972938752
820452522494226433
834081571493785600
860654500431880192
865210877678686208
93419198
93880122
955157661212987392
975200486
1073606435580325889
1080154047519150080
109579534
1116612139
1168968080690749441
1189799454506799104
1221462414744596483
1222773302441148416
12321952
1277653859301801984
1296279134079823872
1315053256343719936
1340783304304410625
1367057849738661888
138168339
14362766
1481651363335471129
149522272
15250661
15392486
1541780334
1573800344
16012783
1634512056
17027632
17138582
174151902
1866938882
18703437
20280088
21619519
218975278
22187085
22799257
2289770467
23197565
234694571
255471924
255887362
258124400
26361656
2768271223
2899264434
291626846
2932460195
29501253
34247411
390022404
40353407
462021312
722528529716383744
812361923304034304
834825983010107392
848148994102611969
874916178
914588454
1005846500583321601
1038970825699774465
105327432
1074480192
1087380412089987077
1094713876132872192
1172535926209298432
1212560564225900544
130557513
13218102
1321935792416149505
1341233976434782210
1344007696555663360
1367531
1382912376597479427
15115280
15976705
165660881
16832632
180887271
210149871
212445456
225338707
239210681
239971233
2421067430
2425571623
2461810448
246939630
2490890594
25887412
26637348
2698422738
2836421
2985479932
3107322079
3424070074
349816997
406842374
4091551984
432895323
44835347
4541535439
455684839
465936656
4725383142
551483643
759251
760219193195302912
80802900
868673067223887872
1003107003693137921
1058807868
1108450312870875137
1163992520252153857
1204080117217202183
1207874097251639296
121127090
1299769218
1342989756611907584
1344256277518692354
17477864
18004222
18753424
2227646515
225921757
2336701370
23937894
242555999
2467791
29420301
2962813893
3103505578
3303457302
3383159573
372536101
3832
38531995
4216062853
454067089
467726691
49698134
53963427
799911790398373888
819185162479144960
846454000585244672
92932981
942156122
977204844
1079009826833862656
1132832803
1159682513947652096
132731802
139328853
14298769
18178850
1957610664
225779417
236487888
2608740770
352754946
52497540
55113432
8197942
90651198
1205226529455632385
1226088089489199106
1309417499398746112
14157134
15745368
171429034
1891490382
20973388
224668336
25575859
2876041031
296553576
3246790436
39155029
1054893957652434944
1237314642583658496
1421835080813666306
14707794
163018653
23022687
2768501
2885493519
368240745
412548718
48325671
548384458
593289567
67805368
713752653289955329
920943710254313472
1238583088998830081
1280478731874848769
14260960
15480566
167281867
1917731
20742888
20995648
270132611
288277167
3140730672
44196397
51241574
588732151
79402753
870629200348274688
926164634570067968
1080844782
1238949674989416449
1249982359
1364639441604800513
15801906
1652541
2189523500
233343317
351784239
66917778
767788995962998784
819994707061248001
833988769
928755000007897093
1011581275851943938
1096205507348623360
1113341312
1208160128060379136
159021888
160856325
19739126
255812611
3288075858
42769304
489377813
58974496
59740725
605153786
63942152
65357102
711750460932141056
86626845
879147821915615233
1539378523
19604599
29447428
454099919
48624704
7587032
1028833460
11134252
298673723
34116377
342863309
807095
939679358536507392
255369151
76842602
14247236
19084896
20052899
2353605901
3131144855
32871086
60779696
878284831
1344356576786866176
198296897
278145569
1120633726478823425
254515782
1047390492541874176
1640929196
18166778
262219168
309570860
21525682
2783787047
3453306553
16635277
2809959174
95091601
242827267
1349149096909668363
27493883
1268223690480615424
2615581908
1201670995435646976
1243560408025198593
1298372735383605249
1462548977367359490
18831926
1108565574
1266038659
1238370241169616897
26217297
1044285651812839424
