      1 1513724522792636419
      1 31095865
      1 912201935981342721
      2 120481183
      2 1271762463109681152
      2 1342112045555097601
      2 1368773907025514499
      2 156688202
      2 23293437
      2 782531489678393344
      3 1353454203079958528
      3 1431924729842044930
      3 160366917
      3 48074704
      5 1505184995002011649
      7 123025097
      7 3320793017
      7 959033548379508736
      8 144904056
      8 2584811842
      8 4000403652
      8 583167393
      9 195578878
      9 2279862696
      9 2476272271
      9 946380483742633984
     10 1433816787016114177
     10 331202888
     11 2366108005
     11 23783698
     11 881623250
     12 1337664957085671424
     12 1357009253697871874
     12 3264938916
     12 908258732588630016
     13 3026302961
     14 163806043
     15 3293092967
     16 2801995915
     16 746256811024596992
     16 915201181500297216
     17 1269995658
     17 1501582959991734279
     17 938494109844729856
     18 1237015212160700416
     18 1309237180418666499
     18 1424846826449080324
     18 1449443106332553216
     18 3887118558
     19 1415531907148926980
     19 1502759697341980678
     19 183247108
     19 738414815660670976
     20 1154228711731990528
     20 1334195751753277445
     20 1482682530453143558
     20 2219729964
     20 222190256
     21 1506670136790589445
     22 1173623155
     22 162197865
     23 1229752606714728454
     24 1219763009511284737
     24 881978047
     25 295032161
     25 88159012
     26 280282934
     26 820395018074529792
     27 1257999200383614977
     27 4540112892
     28 1159870188420046848
     28 1259284242330050563
     28 1441827677090959369
     28 814377291664990208
     28 913059830738427904
     30 885212127866257410
     32 14362766
     33 818762427802099713
     36 781930918739083264
     37 1404085656926801920
     39 220863206
     39 976284925769875456
     40 1276065476041465863
     42 1018998184151076864
     42 35850345
     43 1232080022
     44 1079009826833862656
     46 1410091673619623938
     46 4703167472
     46 759139127065513984
     47 1255626720578867202
     47 1261203450022359043
     47 196740371
     48 1492690652529889282
     49 2577730025
     51 124385387
     55 1043703373420064770
     55 1101084489885863936
     55 1174041837692211200
     58 17667706
     58 791204911753097216
     59 1323186403614875648
     59 1472366361322024966
     60 1497976259296563200
     60 2381829302
     61 132173493
     62 804582780298412032
     63 505069575
     64 70577874
     65 1214030844869799936
     65 289350106
     66 148365388
     66 1483998943188897794
     69 1267202793594478592
     71 1429355662119784449
     72 240146792
     73 1496274247752331267
     74 129161583
     77 2676799425
     79 2254180266
     80 3065597900
     81 388618787
     81 46588823
     82 1193745756751925248
     83 267932293
     84 1687521895
     86 150289183
     86 707774180612112385
     87 1417952253449842692
     88 1386032042505166849
     90 1099754820985147394
     90 1381367533
     91 1183971924986056704
     91 759433925471170565
     92 1281799524256813056
     95 37586090
     97 977710998
     98 375252526
    101 3222067490
    101 595706573
    103 24730505
    104 1429344066328801281
    107 1484955952419803137
    110 1493645432244695041
    112 870970040878862337
    114 967871677399994368
    115 1921951394
    116 1442877975683293185
    116 1478768877962248197
    116 17919383
    116 88462690
    116 912078421127184384
    119 3018405203
    121 21470401
    122 1087030235353305089
    123 172373894
    127 1381710088466018304
    127 1476778228236931073
    130 1192328642082299904
    131 1100125724332171264
    132 41653384
    134 115285842
    134 1423314229696864258
    135 1168301126959161347
    135 308045021
    135 970690110470721536
    136 1343565854
    136 1448257346480791558
    136 744389376323444736
    137 102619476
    137 1477609642184396806
    138 100256670
    141 2922340555
    141 628800662
    142 1489491610656292866
    142 4842395709
    142 713204454
    143 3235565448
    144 829874722510880768
    147 1512718628223074306
    151 940778288871542786
    156 791695779006152704
    157 1263391922657337345
    157 356507343
    158 2218592335
    158 970109612597895168
    158 997262774
    159 838381908656603144
    161 29090182
    161 938098188740739072
    163 1471037967926018051
    164 1230746879698165762
    164 1373739644
    164 614372147
    164 803019806
    166 1107055570106961920
    166 1321812391
    166 1371158317066764301
    167 1258164366819627008
    168 1103424042911105035
    168 1432590419301474304
    171 707259083
    173 971082899381305344
    174 41186732
    175 244954523
    176 828578052942741505
    177 150917061
    177 817979601653735424
    178 935349971129311233
    180 3231054096
    181 1085717175804022785
    181 41748112
    182 968008274003005440
    184 989200133215617024
    186 1010308883896774656
    187 24172612
    196 1148374192586481664
    198 3613895055
    200 3453306553
    201 853523328
    202 1215620894795673600
    202 3063629509
    202 4836947745
    202 812856917458583553
    203 307338965
    204 1494715792474230788
    207 521598323
    209 1495980628281638913
    218 42091962
    219 246413553
    220 1419238811150782465
    221 131042172
    221 39508140
    222 333951946
    222 59028892
    222 825088670403145728
    223 426361581
    225 997528560482050048
    226 1157517674
    227 951915849794781185
    229 741282999031894016
    230 1468335170315251712
    231 1393331109451247616
    232 419951447
    234 1471358998385356803
    235 1100059770579550210
    236 489377813
    238 875023529892335616
    239 33727663
    239 614600545
    241 1486065115157843968
    241 536646582
    241 792891865
    241 981436419087523840
    243 1099522514366001152
    243 25868334
    244 24955120
    248 51062804
    249 788555560836796416
    250 1264114113925402624
    250 30775128
    250 86010091
    258 1473384969699569669
    260 1403918264145571842
    263 2891423617
    265 348764745
    266 1471645671656673281
    266 34120448
    270 1079107164143276034
    273 131676691
    274 1387010761994682371
    277 559681926
    279 2786188909
    280 540688699
    282 304241213
    285 177400353
    295 826615125297680384
    296 510678495
    302 783492048850595840
    307 1071890635462975490
    307 2783787047
    310 20353514
    317 982511286
    320 17531651
    320 551483643
    320 766492578653110272
    322 531521235
    330 1220498873778626561
    331 75038849
    332 1496792408792903684
    337 1458464754624712704
    338 1249734659237437440
    338 1349939191476469762
    342 1164487040
    349 565962027
    350 1031000589054828544
    359 24311134
    368 1308267623327518725
    369 49608394
    369 936620120255934466
    376 865041437485936640
    377 2556967117
    383 19913106
    385 2800413166
    386 3040987923
    390 49445627
    394 713338984357695488
    398 73775991
    411 322622115
    426 943925946
    428 540166083
    428 939679358536507392
    429 18474950
    433 4213849704
    435 578601744
    439 16352975
    453 527445533
    454 118166719
    456 1475643712596168706
    463 45379403
    465 18218403
    468 4757894056
    471 29188599
    476 1155192156
    478 26089729
    479 1060440219097423872
    479 135624348
    482 433060763
    484 1353306974939738113
    485 981310761862606848
    494 2530758806
    497 1088300096666591232
    498 2332033299
    499 3130247577
    508 1335822241234358274
    520 27840840
    520 38274827
    526 1347898200183681024
    527 22996614
    528 192374137
    528 631283641
    529 2574271742
    534 24250033
    544 3019991748
    544 768594471277596672
    554 629280862
    556 18501381
    564 139109800
    566 1591345968
    567 267294336
    576 790139850
    581 2984330006
    594 29447428
    604 870244616003403781
    616 242808620
    618 950215424981028864
    628 308759465
    631 215475487
    643 3153606956
    647 52497540
    650 2886667320
    665 302984766
    670 309570860
    680 711608180535640064
    686 1295006701515681794
    686 518334117
    700 2156874201
    725 1028022611324747776
    728 17183476
    738 36902944
    764 122985118
    768 846389432
    782 120598755
    792 506071299
    799 1088636220014350336
    819 3308894989
    822 832019161454817280
    824 1044285651812839424
    830 77726331
    880 1011581275851943938
    913 184923804
    987 2189523500
   1053 15227349
   1080 1275462892591202304
   1186 723757332
   1466 42769304
